datetime,temperature,humidity,solar_direct,solar_diffuse,pressure,wind_speed
2013-07-01 00:00:00,53.2400,0.8000,0.0000,0.0000,977.0000,8.2784
2013-07-01 00:05:00,53.1185,0.7986,0.0000,0.0000,976.8273,8.3049
2013-07-01 00:10:00,52.9967,0.7978,0.0000,0.0000,976.6963,8.3284
2013-07-01 00:15:00,52.8746,0.7976,0.0000,0.0000,976.6069,8.3490
2013-07-01 00:20:00,52.7522,0.7980,0.0000,0.0000,976.5592,8.3666
2013-07-01 00:25:00,52.6296,0.7990,0.0000,0.0000,976.5532,8.3813
2013-07-01 00:30:00,52.5067,0.8007,0.0000,0.0000,976.5888,8.3931
2013-07-01 00:35:00,52.3845,0.8025,0.0000,0.0000,976.6473,8.4047
2013-07-01 00:40:00,52.2641,0.8043,0.0000,0.0000,976.7098,8.4190
2013-07-01 00:45:00,52.1454,0.8059,0.0000,0.0000,976.7763,8.4358
2013-07-01 00:50:00,52.0285,0.8074,0.0000,0.0000,976.8469,8.4553
2013-07-01 00:55:00,51.9134,0.8088,0.0000,0.0000,976.9214,8.4774
2013-07-01 01:00:00,51.8000,0.8100,0.0000,0.0000,977.0000,8.5022
2013-07-01 01:05:00,51.6884,0.8111,0.0126,0.0015,977.0826,8.5295
2013-07-01 01:10:00,51.5786,0.8121,0.0278,0.0033,977.1692,8.5595
2013-07-01 01:15:00,51.4705,0.8129,0.0456,0.0054,977.2598,8.5921
2013-07-01 01:20:00,51.3642,0.8136,0.0661,0.0078,977.3545,8.6274
2013-07-01 01:25:00,51.2597,0.8142,0.0892,0.0106,977.4531,8.6652
2013-07-01 01:30:00,51.1569,0.8146,0.1150,0.0136,977.5558,8.7057
2013-07-01 01:35:00,51.0498,0.8151,0.1344,0.0159,977.6554,8.7473
2013-07-01 01:40:00,50.9325,0.8157,0.1383,0.0164,977.7448,8.7886
2013-07-01 01:45:00,50.8048,0.8165,0.1269,0.0151,977.8239,8.8294
2013-07-01 01:50:00,50.6669,0.8175,0.1000,0.0119,977.8928,8.8699
2013-07-01 01:55:00,50.5186,0.8187,0.0577,0.0068,977.9515,8.9100
2013-07-01 02:00:00,50.3600,0.8200,0.0000,0.0000,978.0000,8.9497
2013-07-01 02:05:00,50.1911,0.8215,0.0000,0.0000,978.0383,8.9890
2013-07-01 02:10:00,50.0119,0.8232,0.0000,0.0000,978.0663,9.0279
2013-07-01 02:15:00,49.8224,0.8250,0.0000,0.0000,978.0841,9.0665
2013-07-01 02:20:00,49.6226,0.8270,0.0000,0.0000,978.0917,9.1046
2013-07-01 02:25:00,49.4124,0.8292,0.0000,0.0000,978.0891,9.1424
2013-07-01 02:30:00,49.1920,0.8316,0.0000,0.0000,978.0762,9.1798
2013-07-01 02:35:00,48.9965,0.8336,0.0000,0.0000,978.0591,9.2106
2013-07-01 02:40:00,48.8610,0.8347,0.0000,0.0000,978.0438,9.2287
2013-07-01 02:45:00,48.7856,0.8349,0.0000,0.0000,978.0302,9.2340
2013-07-01 02:50:00,48.7703,0.8342,0.0000,0.0000,978.0184,9.2266
2013-07-01 02:55:00,48.8151,0.8325,0.0000,0.0000,978.0083,9.2064
2013-07-01 03:00:00,48.9200,0.8300,0.0000,0.0000,978.0000,9.1734
2013-07-01 03:05:00,49.0850,0.8266,0.4262,0.0506,977.9934,9.1277
2013-07-01 03:10:00,49.3100,0.8222,0.9423,0.1118,977.9886,9.0692
2013-07-01 03:15:00,49.5951,0.8169,1.5483,0.1837,977.9856,8.9979
2013-07-01 03:20:00,49.9404,0.8108,2.2441,0.2662,977.9843,8.9139
2013-07-01 03:25:00,50.3457,0.8037,3.0298,0.3594,977.9847,8.8171
2013-07-01 03:30:00,50.8111,0.7957,3.9054,0.4633,977.9869,8.7076
2013-07-01 03:35:00,51.3014,0.7874,4.9408,0.5750,977.9898,8.5929
2013-07-01 03:40:00,51.7815,0.7794,6.2059,0.6916,977.9925,8.4805
2013-07-01 03:45:00,52.2514,0.7717,7.7008,0.8132,977.9948,8.3705
2013-07-01 03:50:00,52.7112,0.7642,9.4254,0.9398,977.9968,8.2629
2013-07-01 03:55:00,53.1607,0.7569,11.3798,1.0713,977.9986,8.1576
2013-07-01 04:00:00,53.6000,0.7500,13.5638,1.2077,978.0000,8.0547
2013-07-01 04:05:00,54.0291,0.7433,15.9777,1.3492,978.0011,7.9541
2013-07-01 04:10:00,54.4480,0.7369,18.6212,1.4955,978.0020,7.8560
2013-07-01 04:15:00,54.8567,0.7308,21.4945,1.6469,978.0025,7.7601
2013-07-01 04:20:00,55.2552,0.7249,24.5976,1.8032,978.0027,7.6667
2013-07-01 04:25:00,55.6435,0.7193,27.9303,1.9644,978.0027,7.5756
2013-07-01 04:30:00,56.0216,0.7140,31.4928,2.1306,978.0023,7.4869
2013-07-01 04:35:00,56.3952,0.7087,35.0709,2.2972,978.0018,7.3986
2013-07-01 04:40:00,56.7699,0.7033,38.4504,2.4594,978.0014,7.3089
2013-07-01 04:45:00,57.1457,0.6977,41.6312,2.6174,978.0010,7.2178
2013-07-01 04:50:00,57.5227,0.6920,44.6134,2.7712,978.0006,7.1253
2013-07-01 04:55:00,57.9008,0.6861,47.3969,2.9206,978.0003,7.0314
2013-07-01 05:00:00,58.2800,0.6800,49.9818,3.0658,978.0000,6.9360
2013-07-01 05:05:00,58.6604,0.6738,52.3681,3.2067,977.9998,6.8392
2013-07-01 05:10:00,59.0419,0.6674,54.5558,3.3434,977.9996,6.7410
2013-07-01 05:15:00,59.4245,0.6609,56.5448,3.4757,977.9994,6.6414
2013-07-01 05:20:00,59.8083,0.6542,58.3353,3.6038,977.9993,6.5403
2013-07-01 05:25:00,60.1933,0.6473,59.9270,3.7276,977.9992,6.4378
2013-07-01 05:30:00,60.5793,0.6403,61.3202,3.8472,977.9992,6.3339
2013-07-01 05:35:00,60.9676,0.6333,62.5892,3.9646,977.9992,6.2324
2013-07-01 05:40:00,61.3593,0.6264,63.8087,4.0821,977.9993,6.1370
2013-07-01 05:45:00,61.7544,0.6196,64.9786,4.1996,977.9994,6.0478
2013-07-01 05:50:00,62.1529,0.6130,66.0989,4.3171,977.9995,5.9648
2013-07-01 05:55:00,62.5548,0.6064,67.1697,4.4347,977.9997,5.8880
2013-07-01 06:00:00,62.9600,0.6000,68.1908,4.5522,978.0000,5.8173
2013-07-01 06:05:00,63.3686,0.5937,69.1624,4.6699,978.0003,5.7528
2013-07-01 06:10:00,63.7806,0.5875,70.0844,4.7875,978.0007,5.6944
2013-07-01 06:15:00,64.1960,0.5815,70.9568,4.9052,978.0011,5.6422
2013-07-01 06:20:00,64.6148,0.5755,71.7797,5.0229,978.0015,5.5962
2013-07-01 06:25:00,65.0369,0.5697,72.5530,5.1407,978.0020,5.5564
2013-07-01 06:30:00,65.4625,0.5640,73.2767,5.2585,978.0026,5.5227
2013-07-01 06:35:00,65.8890,0.5584,73.9655,5.3757,978.0030,5.4929
2013-07-01 06:40:00,66.3141,0.5527,74.6344,5.4919,978.0031,5.4649
2013-07-01 06:45:00,66.7377,0.5471,75.2832,5.6070,978.0028,5.4386
2013-07-01 06:50:00,67.1599,0.5414,75.9120,5.7210,978.0022,5.4139
2013-07-01 06:55:00,67.5807,0.5357,76.5208,5.8339,978.0013,5.3910
2013-07-01 07:00:00,68.0000,0.5300,77.1095,5.9458,978.0000,5.3698
2013-07-01 07:05:00,68.4179,0.5243,77.6782,6.0566,977.9984,5.3503
2013-07-01 07:10:00,68.8343,0.5186,78.2269,6.1662,977.9965,5.3325
2013-07-01 07:15:00,69.2494,0.5128,78.7555,6.2748,977.9942,5.3164
2013-07-01 07:20:00,69.6629,0.5071,79.2641,6.3824,977.9916,5.3020
2013-07-01 07:25:00,70.0751,0.5013,79.7527,6.4888,977.9886,5.2893
2013-07-01 07:30:00,70.4858,0.4955,80.2213,6.5942,977.9853,5.2783
2013-07-01 07:35:00,70.8984,0.4897,80.6718,6.6971,977.9829,5.2662
2013-07-01 07:40:00,71.3162,0.4839,81.1063,6.7961,977.9824,5.2501
2013-07-01 07:45:00,71.7393,0.4780,81.5247,6.8912,977.9838,5.2300
2013-07-01 07:50:00,72.1676,0.4720,81.9271,6.9825,977.9872,5.2060
2013-07-01 07:55:00,72.6012,0.4660,82.3134,7.0700,977.9926,5.1780
2013-07-01 08:00:00,73.0400,0.4600,82.6837,7.1535,978.0000,5.1461
2013-07-01 08:05:00,73.4840,0.4539,83.0380,7.2332,978.0093,5.1101
2013-07-01 08:10:00,73.9333,0.4478,83.3762,7.3091,978.0206,5.0703
2013-07-01 08:15:00,74.3879,0.4416,83.6983,7.3811,978.0339,5.0264
2013-07-01 08:20:00,74.8476,0.4354,84.0045,7.4492,978.0491,4.9786
2013-07-01 08:25:00,75.3127,0.4291,84.2946,7.5135,978.0663,4.9268
2013-07-01 08:30:00,75.7829,0.4228,84.5686,7.5739,978.0854,4.8711
2013-07-01 08:35:00,76.2408,0.4166,84.8257,7.6341,978.0998,4.8182
2013-07-01 08:40:00,76.6686,0.4107,85.0648,7.6980,978.1028,4.7749
2013-07-01 08:45:00,77.0665,0.4051,85.2861,7.7655,978.0943,4.7413
2013-07-01 08:50:00,77.4343,0.3998,85.4894,7.8366,978.0743,4.7174
2013-07-01 08:55:00,77.7722,0.3947,85.6749,7.9113,978.0429,4.7032
2013-07-01 09:00:00,78.0800,0.3900,85.8424,7.9897,978.0000,4.6986
2013-07-01 09:05:00,78.3578,0.3856,85.9920,8.0716,977.9457,4.7036
2013-07-01 09:10:00,78.6056,0.3814,86.1237,8.1572,977.8799,4.7184
2013-07-01 09:15:00,78.8234,0.3776,86.2376,8.2463,977.8026,4.7428
2013-07-01 09:20:00,79.0112,0.3740,86.3335,8.3391,977.7139,4.7768
2013-07-01 09:25:00,79.1690,0.3707,86.4114,8.4355,977.6137,4.8205
2013-07-01 09:30:00,79.2968,0.3677,86.4715,8.5355,977.5021,4.8739
2013-07-01 09:35:00,79.4120,0.3649,86.5250,8.6336,977.3903,4.9299
2013-07-01 09:40:00,79.5320,0.3620,86.5833,8.7242,977.2898,4.9817
2013-07-01 09:45:00,79.6568,0.3591,86.6464,8.8073,977.2005,5.0292
2013-07-01 09:50:00,79.7864,0.3561,86.7143,8.8829,977.1225,5.0725
2013-07-01 09:55:00,79.9208,0.3531,86.7869,8.9510,977.0556,5.1114
2013-07-01 10:00:00,80.0600,0.3500,86.8643,9.0116,977.0000,5.1461
2013-07-01 10:05:00,80.2040,0.3469,86.9465,9.0647,976.9556,5.1764
2013-07-01 10:10:00,80.3529,0.3438,87.0335,9.1104,976.9225,5.2025
2013-07-01 10:15:00,80.5065,0.3406,87.1253,9.1485,976.9005,5.2244
2013-07-01 10:20:00,80.6650,0.3373,87.2218,9.1792,976.8898,5.2419
2013-07-01 10:25:00,80.8283,0.3341,87.3231,9.2024,976.8903,5.2551
2013-07-01 10:30:00,80.9963,0.3307,87.4292,9.2181,976.9021,5.2641
2013-07-01 10:35:00,81.1674,0.3274,87.5297,9.2326,976.9193,5.2728
2013-07-01 10:40:00,81.3396,0.3240,87.6143,9.2524,976.9361,5.2850
2013-07-01 10:45:00,81.5130,0.3206,87.6830,9.2773,976.9526,5.3008
2013-07-01 10:50:00,81.6875,0.3171,87.7357,9.3074,976.9688,5.3202
2013-07-01 10:55:00,81.8632,0.3136,87.7725,9.3427,976.9846,5.3432
2013-07-01 11:00:00,82.0400,0.3100,87.7934,9.3832,977.0000,5.3698
2013-07-01 11:05:00,82.2180,0.3064,87.7983,9.4289,977.0151,5.4000
2013-07-01 11:10:00,82.3971,0.3028,87.7873,9.4798,977.0298,5.4337
2013-07-01 11:15:00,82.5774,0.2991,87.7604,9.5358,977.0442,5.4711
2013-07-01 11:20:00,82.7589,0.2953,87.7175,9.5971,977.0583,5.5121
2013-07-01 11:25:00,82.9415,0.2916,87.6587,9.6635,977.0720,5.5566
2013-07-01 11:30:00,83.1252,0.2878,87.5840,9.7352,977.0854,5.6047
2013-07-01 11:35:00,83.3037,0.2841,87.5054,9.8079,977.0940,5.6523
2013-07-01 11:40:00,83.4704,0.2807,87.4351,9.8776,977.0934,5.6949
2013-07-01 11:45:00,83.6254,0.2776,87.3729,9.9443,977.0838,5.7328
2013-07-01 11:50:00,83.7687,0.2748,87.3191,10.0080,977.0650,5.7658
2013-07-01 11:55:00,83.9002,0.2722,87.2734,10.0687,977.0371,5.7939
2013-07-01 12:00:00,84.0200,0.2700,87.2360,10.1264,977.0000,5.8173
2013-07-01 12:05:00,84.1281,0.2680,87.2067,10.1811,976.9538,5.8358
2013-07-01 12:10:00,84.2244,0.2664,87.1858,10.2328,976.8985,5.8494
2013-07-01 12:15:00,84.3090,0.2650,87.1730,10.2815,976.8340,5.8583
2013-07-01 12:20:00,84.3818,0.2639,87.1685,10.3272,976.7604,5.8622
2013-07-01 12:25:00,84.4430,0.2631,87.1722,10.3698,976.6777,5.8614
2013-07-01 12:30:00,84.4923,0.2626,87.1841,10.4095,976.5858,5.8557
2013-07-01 12:35:00,84.5355,0.2622,87.1448,10.4463,976.4891,5.8479
2013-07-01 12:40:00,84.5779,0.2618,86.9945,10.4805,976.3921,5.8406
2013-07-01 12:45:00,84.6195,0.2614,86.7334,10.5121,976.2947,5.8340
2013-07-01 12:50:00,84.6604,0.2610,86.3615,10.5410,976.1968,5.8278
2013-07-01 12:55:00,84.7006,0.2605,85.8787,10.5673,976.0986,5.8223
2013-07-01 13:00:00,84.7400,0.2600,85.2850,10.5909,976.0000,5.8173
2013-07-01 13:05:00,84.7787,0.2595,84.5805,10.6120,975.9010,5.8128
2013-07-01 13:10:00,84.8166,0.2589,83.7651,10.6303,975.8016,5.8090
2013-07-01 13:15:00,84.8537,0.2584,82.8388,10.6461,975.7018,5.8057
2013-07-01 13:20:00,84.8901,0.2578,81.8018,10.6592,975.6015,5.8029
2013-07-01 13:25:00,84.9258,0.2571,80.6538,10.6696,975.5009,5.8008
2013-07-01 13:30:00,84.9607,0.2565,79.3950,10.6774,975.3999,5.7992
2013-07-01 13:35:00,84.9983,0.2557,78.1357,10.6804,975.3045,5.7986
2013-07-01 13:40:00,85.0422,0.2549,76.9861,10.6765,975.2206,5.7994
2013-07-01 13:45:00,85.0923,0.2539,75.9465,10.6656,975.1482,5.8017
2013-07-01 13:50:00,85.1487,0.2527,75.0166,10.6477,975.0873,5.8054
2013-07-01 13:55:00,85.2112,0.2514,74.1965,10.6228,975.0379,5.8106
2013-07-01 14:00:00,85.2800,0.2500,73.4863,10.5909,975.0000,5.8173
2013-07-01 14:05:00,85.3550,0.2484,72.8859,10.5521,974.9736,5.8254
2013-07-01 14:10:00,85.4363,0.2467,72.3953,10.5064,974.9588,5.8349
2013-07-01 14:15:00,85.5237,0.2449,72.0145,10.4536,974.9555,5.8459
2013-07-01 14:20:00,85.6174,0.2429,71.7436,10.3939,974.9637,5.8583
2013-07-01 14:25:00,85.7173,0.2408,71.5824,10.3272,974.9834,5.8722
2013-07-01 14:30:00,85.8235,0.2385,71.5311,10.2535,975.0146,5.8875
2013-07-01 14:35:00,85.9194,0.2366,71.5420,10.1651,975.0450,5.8989
2013-07-01 14:40:00,85.9888,0.2356,71.5674,10.0540,975.0622,5.9011
2013-07-01 14:45:00,86.0315,0.2354,71.6072,9.9202,975.0664,5.8940
2013-07-01 14:50:00,86.0476,0.2361,71.6617,9.7639,975.0574,5.8777
2013-07-01 14:55:00,86.0371,0.2376,71.7306,9.5849,975.0353,5.8521
2013-07-01 15:00:00,86.0000,0.2400,71.8140,9.3832,975.0000,5.8173
2013-07-01 15:05:00,85.9363,0.2433,71.9120,9.1589,974.9516,5.7732
2013-07-01 15:10:00,85.8459,0.2474,72.0245,8.9120,974.8901,5.7199
2013-07-01 15:15:00,85.7290,0.2524,72.1515,8.6425,974.8154,5.6573
2013-07-01 15:20:00,85.5854,0.2582,72.2931,8.3503,974.7276,5.5854
2013-07-01 15:25:00,85.4152,0.2650,72.4491,8.0354,974.6267,5.5044
2013-07-01 15:30:00,85.2184,0.2725,72.6197,7.6980,974.5126,5.4140
2013-07-01 15:35:00,85.0100,0.2805,72.6836,7.3819,974.3979,5.3212
2013-07-01 15:40:00,84.8051,0.2885,72.5196,7.1311,974.2948,5.2328
2013-07-01 15:45:00,84.6036,0.2964,72.1276,6.9458,974.2035,5.1487
2013-07-01 15:50:00,84.4056,0.3043,71.5078,6.8258,974.1240,5.0689
2013-07-01 15:55:00,84.2111,0.3122,70.6600,6.7712,974.0561,4.9934
2013-07-01 16:00:00,84.0200,0.3200,69.5844,6.7819,974.0000,4.9223
2013-07-01 16:05:00,83.8324,0.3278,68.2808,6.8580,973.9556,4.8555
2013-07-01 16:10:00,83.6482,0.3356,66.7493,6.9995,973.9230,4.7931
2013-07-01 16:15:00,83.4675,0.3433,64.9900,7.2064,973.9020,4.7350
2013-07-01 16:20:00,83.2902,0.3510,63.0027,7.4786,973.8928,4.6812
2013-07-01 16:25:00,83.1165,0.3587,60.7875,7.8162,973.8953,4.6318
2013-07-01 16:30:00,82.9461,0.3663,58.3444,8.2192,973.9096,4.5867
2013-07-01 16:35:00,82.7805,0.3738,55.9347,8.6094,973.9289,4.5416
2013-07-01 16:40:00,82.6206,0.3813,53.8200,8.9087,973.9465,4.4922
2013-07-01 16:45:00,82.4667,0.3886,52.0001,9.1172,973.9624,4.4384
2013-07-01 16:50:00,82.3186,0.3959,50.4751,9.2348,973.9766,4.3803
2013-07-01 16:55:00,82.1764,0.4030,49.2449,9.2615,973.9891,4.3179
2013-07-01 17:00:00,82.0400,0.4100,48.3096,9.1974,974.0000,4.2511
2013-07-01 17:05:00,81.9095,0.4169,47.6691,9.0424,974.0092,4.1800
2013-07-01 17:10:00,81.7848,0.4237,47.3236,8.7965,974.0166,4.1045
2013-07-01 17:15:00,81.6661,0.4304,47.2729,8.4598,974.0224,4.0247
2013-07-01 17:20:00,81.5531,0.4369,47.5170,8.0322,974.0266,3.9405
2013-07-01 17:25:00,81.4461,0.4434,48.0560,7.5137,974.0290,3.8520
2013-07-01 17:30:00,81.3448,0.4498,48.8899,6.9044,974.0297,3.7592
2013-07-01 17:35:00,81.2273,0.4561,49.6890,6.2728,974.0288,3.6688
2013-07-01 17:40:00,81.0711,0.4626,50.1235,5.6874,974.0263,3.5877
2013-07-01 17:45:00,80.8762,0.4693,50.1936,5.1484,974.0221,3.5159
2013-07-01 17:50:00,80.6428,0.4760,49.8991,4.6556,974.0164,3.4534
2013-07-01 17:55:00,80.3707,0.4829,49.2401,4.2092,974.0090,3.4001
2013-07-01 18:00:00,80.0600,0.4900,48.2167,3.8090,974.0000,3.3561
2013-07-01 18:05:00,79.7107,0.4972,46.8287,3.4552,973.9894,3.3214
2013-07-01 18:10:00,79.3227,0.5045,45.0762,3.1476,973.9772,3.2960
2013-07-01 18:15:00,78.8962,0.5120,42.9592,2.8863,973.9633,3.2798
2013-07-01 18:20:00,78.4310,0.5196,40.4778,2.6713,973.9478,3.2729
2013-07-01 18:25:00,77.9272,0.5273,37.6318,2.5026,973.9308,3.2753
2013-07-01 18:30:00,77.3848,0.5352,34.4213,2.3802,973.9121,3.2870
2013-07-01 18:35:00,76.8260,0.5431,31.1127,2.2779,973.8982,3.3025
2013-07-01 18:40:00,76.2731,0.5508,27.9724,2.1692,973.8958,3.3164
2013-07-01 18:45:00,75.7260,0.5583,25.0004,2.0544,973.9048,3.3287
2013-07-01 18:50:00,75.1848,0.5657,22.1967,1.9333,973.9251,3.3394
2013-07-01 18:55:00,74.6495,0.5729,19.5613,1.8059,973.9569,3.3486
2013-07-01 19:00:00,74.1200,0.5800,17.0942,1.6723,974.0000,3.3561
2013-07-01 19:05:00,73.5964,0.5869,14.7954,1.5324,974.0545,3.3621
2013-07-01 19:10:00,73.0787,0.5936,12.6648,1.3863,974.1204,3.3664
2013-07-01 19:15:00,72.5668,0.6002,10.7026,1.2339,974.1977,3.3692
2013-07-01 19:20:00,72.0608,0.6067,8.9087,1.0753,974.2864,3.3704
2013-07-01 19:25:00,71.5607,0.6129,7.2831,0.9104,974.3865,3.3699
2013-07-01 19:30:00,71.0664,0.6190,5.8258,0.7393,974.4979,3.3679
2013-07-01 19:35:00,70.5718,0.6252,4.5197,0.5735,974.6095,3.3653
2013-07-01 19:40:00,70.0706,0.6316,3.3476,0.4248,974.7099,3.3629
2013-07-01 19:45:00,69.5628,0.6383,2.3096,0.2931,974.7992,3.3608
2013-07-01 19:50:00,69.0485,0.6453,1.4057,0.1784,974.8773,3.3589
2013-07-01 19:55:00,68.5275,0.6525,0.6358,0.0807,974.9442,3.3574
2013-07-01 20:00:00,68.0000,0.6600,0.0000,0.0000,975.0000,3.3561
2013-07-01 20:05:00,67.4659,0.6678,0.0000,0.0000,975.0446,3.3551
2013-07-01 20:10:00,66.9252,0.6758,0.0000,0.0000,975.0781,3.3544
2013-07-01 20:15:00,66.3779,0.6841,0.0000,0.0000,975.1004,3.3540
2013-07-01 20:20:00,65.8241,0.6927,0.0000,0.0000,975.1116,3.3539
2013-07-01 20:25:00,65.2636,0.7016,0.0000,0.0000,975.1116,3.3540
2013-07-01 20:30:00,64.6966,0.7107,0.0000,0.0000,975.1004,3.3544
2013-07-01 20:35:00,64.1481,0.7195,0.0000,0.0000,975.0837,3.3549
2013-07-01 20:40:00,63.6432,0.7274,0.0000,0.0000,975.0670,3.3554
2013-07-01 20:45:00,63.1820,0.7344,0.0000,0.0000,975.0502,3.3557
2013-07-01 20:50:00,62.7643,0.7405,0.0000,0.0000,975.0335,3.3559
2013-07-01 20:55:00,62.3904,0.7457,0.0000,0.0000,975.0167,3.3561
2013-07-01 21:00:00,62.0600,0.7500,0.0000,0.0000,975.0000,3.3561
2013-07-01 21:05:00,61.7733,0.7534,0.0861,0.0109,974.9833,3.3561
2013-07-01 21:10:00,61.5302,0.7559,0.1492,0.0189,974.9665,3.3559
2013-07-01 21:15:00,61.3307,0.7574,0.1893,0.0240,974.9498,3.3557
2013-07-01 21:20:00,61.1748,0.7581,0.2063,0.0262,974.9330,3.3554
2013-07-01 21:25:00,61.0626,0.7579,0.2004,0.0254,974.9163,3.3550
2013-07-01 21:30:00,60.9940,0.7567,0.1715,0.0218,974.8995,3.3544
2013-07-01 21:35:00,60.9447,0.7552,0.1330,0.0169,974.8883,3.3540
2013-07-01 21:40:00,60.8901,0.7539,0.0985,0.0125,974.8883,3.3539
2013-07-01 21:45:00,60.8304,0.7527,0.0680,0.0086,974.8995,3.3540
2013-07-01 21:50:00,60.7654,0.7516,0.0414,0.0053,974.9218,3.3544
2013-07-01 21:55:00,60.6953,0.7507,0.0187,0.0024,974.9553,3.3551
2013-07-01 22:00:00,60.6200,0.7500,0.0000,0.0000,975.0000,3.3561
2013-07-01 22:05:00,60.5395,0.7494,0.0000,0.0000,975.0558,3.3574
2013-07-01 22:10:00,60.4538,0.7490,0.0000,0.0000,975.1228,3.3589
2013-07-01 22:15:00,60.3629,0.7487,0.0000,0.0000,975.2010,3.3607
2013-07-01 22:20:00,60.2669,0.7486,0.0000,0.0000,975.2904,3.3628
2013-07-01 22:25:00,60.1656,0.7487,0.0000,0.0000,975.3909,3.3652
2013-07-01 22:30:00,60.0592,0.7488,0.0000,0.0000,975.5025,3.3679
2013-07-01 22:35:00,59.9489,0.7491,0.0000,0.0000,975.6141,3.3699
2013-07-01 22:40:00,59.8361,0.7493,0.0000,0.0000,975.7142,3.3703
2013-07-01 22:45:00,59.7208,0.7495,0.0000,0.0000,975.8028,3.3692
2013-07-01 22:50:00,59.6031,0.7497,0.0000,0.0000,975.8800,3.3664
2013-07-01 22:55:00,59.4828,0.7499,0.0000,0.0000,975.9457,3.3621
2013-07-01 23:00:00,59.3600,0.7500,0.0000,0.0000,976.0000,3.3561
2013-07-01 23:05:00,59.2347,0.7501,0.0025,0.0003,976.0428,3.3486
2013-07-01 23:10:00,59.1069,0.7502,0.0043,0.0006,976.0742,3.3395
2013-07-01 23:15:00,58.9766,0.7502,0.0055,0.0007,976.0942,3.3288
2013-07-01 23:20:00,58.8439,0.7502,0.0059,0.0008,976.1027,3.3165
2013-07-01 23:25:00,58.7086,0.7502,0.0057,0.0007,976.0997,3.3026
2013-07-01 23:30:00,58.5708,0.7502,0.0048,0.0006,976.0853,3.2872
2013-07-01 23:35:00,58.4369,0.7501,0.0036,0.0005,976.0661,3.2755
2013-07-01 23:40:00,58.3131,0.7501,0.0026,0.0003,976.0490,3.2731
2013-07-01 23:45:00,58.1995,0.7501,0.0017,0.0002,976.0338,3.2800
2013-07-01 23:50:00,58.0962,0.7500,0.0010,0.0001,976.0205,3.2961
2013-07-01 23:55:00,58.0030,0.7500,0.0004,0.0000,976.0093,3.3215
2013-07-02 00:00:00,57.9200,0.7500,0.0000,0.0000,976.0000,3.3561
2013-07-02 00:05:00,57.8472,0.7500,0.0000,0.0000,975.9927,3.4000
2013-07-02 00:10:00,57.7846,0.7500,0.0000,0.0000,975.9874,3.4531
2013-07-02 00:15:00,57.7322,0.7500,0.0000,0.0000,975.9840,3.5155
2013-07-02 00:20:00,57.6899,0.7500,0.0000,0.0000,975.9826,3.5871
2013-07-02 00:25:00,57.6579,0.7501,0.0000,0.0000,975.9832,3.6680
2013-07-02 00:30:00,57.6360,0.7501,0.0005,0.0000,975.9858,3.7581
2013-07-02 00:35:00,57.6200,0.7501,0.0009,0.0001,975.9891,3.8508
2013-07-02 00:40:00,57.6052,0.7501,0.0011,0.0001,975.9921,3.9392
2013-07-02 00:45:00,57.5919,0.7501,0.0012,0.0001,975.9947,4.0235
2013-07-02 00:50:00,57.5799,0.7501,0.0010,0.0001,975.9968,4.1036
2013-07-02 00:55:00,57.5693,0.7501,0.0006,0.0000,975.9986,4.1794
2013-07-02 01:00:00,57.5600,0.7500,0.0000,0.0000,976.0000,4.2511
2013-07-02 01:05:00,57.5521,0.7499,0.0000,0.0000,976.0010,4.3186
2013-07-02 01:10:00,57.5456,0.7498,0.0000,0.0000,976.0016,4.3818
2013-07-02 01:15:00,57.5404,0.7497,0.0000,0.0000,976.0018,4.4409
2013-07-02 01:20:00,57.5366,0.7496,0.0000,0.0000,976.0016,4.4958
2013-07-02 01:25:00,57.5341,0.7494,0.0000,0.0000,976.0010,4.5465
2013-07-02 01:30:00,57.5330,0.7493,0.0000,0.0000,976.0000,4.5929
2013-07-02 01:35:00,57.5284,0.7491,0.0000,0.0000,975.9990,4.6391
2013-07-02 01:40:00,57.5155,0.7491,0.0000,0.0000,975.9984,4.6887
2013-07-02 01:45:00,57.4941,0.7492,0.0000,0.0000,975.9982,4.7419
2013-07-02 01:50:00,57.4645,0.7493,0.0000,0.0000,975.9984,4.7985
2013-07-02 01:55:00,57.4264,0.7496,0.0000,0.0000,975.9990,4.8587
2013-07-02 02:00:00,57.3800,0.7500,0.0000,0.0000,976.0000,4.9223
2013-07-02 02:05:00,57.3252,0.7505,0.0051,0.0006,976.0014,4.9895
2013-07-02 02:10:00,57.2621,0.7511,0.0112,0.0013,976.0032,5.0601
2013-07-02 02:15:00,57.1906,0.7517,0.0184,0.0021,976.0054,5.1343
2013-07-02 02:20:00,57.1107,0.7525,0.0266,0.0031,976.0079,5.2120
2013-07-02 02:25:00,57.0225,0.7534,0.0360,0.0042,976.0109,5.2931
2013-07-02 02:30:00,56.9259,0.7544,0.0464,0.0054,976.0143,5.3778
2013-07-02 02:35:00,56.8445,0.7551,0.0542,0.0063,976.0169,5.4620
2013-07-02 02:40:00,56.8020,0.7553,0.0558,0.0065,976.0174,5.5419
2013-07-02 02:45:00,56.7983,0.7548,0.0512,0.0060,976.0161,5.6173
2013-07-02 02:50:00,56.8334,0.7538,0.0404,0.0047,976.0127,5.6883
2013-07-02 02:55:00,56.9073,0.7522,0.0233,0.0027,976.0073,5.7550
2013-07-02 03:00:00,57.0200,0.7500,0.0000,0.0000,976.0000,5.8173
2013-07-02 03:05:00,57.1716,0.7472,0.0000,0.0000,975.9907,5.8752
2013-07-02 03:10:00,57.3619,0.7438,0.0000,0.0000,975.9794,5.9286
2013-07-02 03:15:00,57.5911,0.7398,0.0000,0.0000,975.9661,5.9777
2013-07-02 03:20:00,57.8591,0.7353,0.0000,0.0000,975.9508,6.0224
2013-07-02 03:25:00,58.1660,0.7301,0.0000,0.0000,975.9336,6.0627
2013-07-02 03:30:00,58.5116,0.7244,0.0000,0.0000,975.9144,6.0987
2013-07-02 03:35:00,58.8744,0.7184,0.0000,0.0000,975.8999,6.1314
2013-07-02 03:40:00,59.2326,0.7125,0.0000,0.0240,975.8969,6.1621
2013-07-02 03:45:00,59.5863,0.7067,0.0000,0.1045,975.9054,6.1908
2013-07-02 03:50:00,59.9354,0.7011,0.0000,0.2203,975.9255,6.2174
2013-07-02 03:55:00,60.2800,0.6955,0.0578,0.3713,975.9570,6.2421
2013-07-02 04:00:00,60.6200,0.6900,0.2787,0.5574,976.0000,6.2648
2013-07-02 04:05:00,60.9554,0.6846,0.5514,0.7788,976.0545,6.2854
2013-07-02 04:10:00,61.2863,0.6793,0.8758,1.0353,976.1205,6.3040
2013-07-02 04:15:00,61.6127,0.6742,1.2519,1.3271,976.1980,6.3206
2013-07-02 04:20:00,61.9344,0.6691,1.6799,1.6541,976.2870,6.3352
2013-07-02 04:25:00,62.2517,0.6641,2.1595,2.0162,976.3876,6.3478
2013-07-02 04:30:00,62.5643,0.6593,2.6910,2.4136,976.4996,6.3584
2013-07-02 04:35:00,62.8740,0.6544,3.2174,2.8420,976.6116,6.3700
2013-07-02 04:40:00,63.1821,0.6496,3.6821,3.2974,976.7122,6.3856
2013-07-02 04:45:00,63.4888,0.6447,4.0851,3.7797,976.8013,6.4053
2013-07-02 04:50:00,63.7940,0.6398,4.4264,4.2890,976.8790,6.4290
2013-07-02 04:55:00,64.0978,0.6349,4.7060,4.8252,976.9452,6.4567
2013-07-02 05:00:00,64.4000,0.6300,4.9239,5.3884,977.0000,6.4885
2013-07-02 05:05:00,64.7008,0.6251,5.0800,5.9785,977.0433,6.5243
2013-07-02 05:10:00,65.0001,0.6201,5.1744,6.5955,977.0752,6.5642
2013-07-02 05:15:00,65.2979,0.6151,5.2071,7.2395,977.0957,6.6081
2013-07-02 05:20:00,65.5942,0.6101,5.1781,7.9104,977.1047,6.6561
2013-07-02 05:25:00,65.8890,0.6050,5.0874,8.6083,977.1022,6.7081
2013-07-02 05:30:00,66.1824,0.6000,4.9350,9.3331,977.0883,6.7641
2013-07-02 05:35:00,66.4767,0.5949,4.8258,10.0349,977.0695,6.8173
2013-07-02 05:40:00,66.7745,0.5899,4.8648,10.6637,977.0523,6.8606
2013-07-02 05:45:00,67.0757,0.5849,5.0521,11.2195,977.0368,6.8942
2013-07-02 05:50:00,67.3804,0.5799,5.3876,11.7023,977.0229,6.9179
2013-07-02 05:55:00,67.6885,0.5749,5.8713,12.1122,977.0106,6.9318
2013-07-02 06:00:00,68.0000,0.5700,6.5032,12.4490,977.0000,6.9360
2013-07-02 06:05:00,68.3150,0.5651,7.2834,12.7129,976.9910,6.9303
2013-07-02 06:10:00,68.6334,0.5602,8.2118,12.9037,976.9837,6.9148
2013-07-02 06:15:00,68.9552,0.5553,9.2884,13.0216,976.9780,6.8896
2013-07-02 06:20:00,69.2804,0.5504,10.5132,13.0665,976.9739,6.8545
2013-07-02 06:25:00,69.6091,0.5456,11.8863,13.0384,976.9714,6.8096
2013-07-02 06:30:00,69.9413,0.5408,13.4075,12.9373,976.9706,6.7549
2013-07-02 06:35:00,70.2756,0.5359,14.9556,12.8477,976.9715,6.6979
2013-07-02 06:40:00,70.6107,0.5309,16.4089,12.8544,976.9739,6.6459
2013-07-02 06:45:00,70.9467,0.5259,17.7674,12.9572,976.9780,6.5989
2013-07-02 06:50:00,71.2836,0.5207,19.0313,13.1562,976.9837,6.5571
2013-07-02 06:55:00,71.6214,0.5154,20.2004,13.4513,976.9910,6.5202
2013-07-02 07:00:00,71.9600,0.5100,21.2748,13.8426,977.0000,6.4885
2013-07-02 07:05:00,72.2995,0.5045,22.2545,14.3300,977.0106,6.4618
2013-07-02 07:10:00,72.6398,0.4989,23.1394,14.9136,977.0228,6.4402
2013-07-02 07:15:00,72.9811,0.4932,23.9296,15.5934,977.0366,6.4236
2013-07-02 07:20:00,73.3232,0.4873,24.6251,16.3693,977.0521,6.4121
2013-07-02 07:25:00,73.6661,0.4814,25.2258,17.2413,977.0692,6.4057
2013-07-02 07:30:00,74.0100,0.4754,25.7319,18.2096,977.0879,6.4043
2013-07-02 07:35:00,74.3549,0.4693,26.3258,19.1546,977.1017,6.4014
2013-07-02 07:40:00,74.7012,0.4633,27.1901,19.9569,977.1041,6.3904
2013-07-02 07:45:00,75.0489,0.4574,28.3249,20.6165,977.0952,6.3712
2013-07-02 07:50:00,75.3979,0.4515,29.7302,21.1334,977.0748,6.3438
2013-07-02 07:55:00,75.7483,0.4457,31.4060,21.5077,977.0431,6.3084
2013-07-02 08:00:00,76.1000,0.4400,33.3522,21.7393,977.0000,6.2648
2013-07-02 08:05:00,76.4531,0.4343,35.5689,21.8282,976.9455,6.2130
2013-07-02 08:10:00,76.8076,0.4287,38.0560,21.7745,976.8796,6.1531
2013-07-02 08:15:00,77.1634,0.4232,40.8136,21.5780,976.8023,6.0851
2013-07-02 08:20:00,77.5206,0.4177,43.8417,21.2389,976.7137,6.0089
2013-07-02 08:25:00,77.8791,0.4123,47.1403,20.7572,976.6136,5.9246
2013-07-02 08:30:00,78.2390,0.4069,50.7093,20.1327,976.5022,5.8321
2013-07-02 08:35:00,78.5901,0.4018,54.1475,19.5020,976.3906,5.7513
2013-07-02 08:40:00,78.9221,0.3969,57.0539,19.0015,976.2902,5.7018
2013-07-02 08:45:00,79.2351,0.3922,59.4283,18.6313,976.2009,5.6836
2013-07-02 08:50:00,79.5291,0.3879,61.2707,18.3913,976.1228,5.6968
2013-07-02 08:55:00,79.8041,0.3838,62.5813,18.2815,976.0558,5.7414
2013-07-02 09:00:00,80.0600,0.3800,63.3599,18.3019,976.0000,5.8173
2013-07-02 09:05:00,80.2969,0.3765,63.6065,18.4525,975.9553,5.9245
2013-07-02 09:10:00,80.5148,0.3732,63.3213,18.7334,975.9218,6.0632
2013-07-02 09:15:00,80.7136,0.3702,62.5041,19.1445,975.8994,6.2331
2013-07-02 09:20:00,80.8934,0.3675,61.1549,19.6858,975.8882,6.4344
2013-07-02 09:25:00,81.0542,0.3651,59.2739,20.3573,975.8881,6.6671
2013-07-02 09:30:00,81.1959,0.3629,56.8609,21.1591,975.8992,6.9311
2013-07-02 09:35:00,81.3296,0.3609,54.3315,21.9853,975.9159,7.2079
2013-07-02 09:40:00,81.4660,0.3588,52.1013,22.7303,975.9326,7.4786
2013-07-02 09:45:00,81.6053,0.3567,50.1704,23.3941,975.9494,7.7434
2013-07-02 09:50:00,81.7474,0.3545,48.5386,23.9766,975.9662,8.0023
2013-07-02 09:55:00,81.8923,0.3523,47.2061,24.4779,975.9831,8.2552
2013-07-02 10:00:00,82.0400,0.3500,46.1728,24.8980,976.0000,8.5022
2013-07-02 10:05:00,82.1905,0.3477,45.4387,25.2369,976.0170,8.7432
2013-07-02 10:10:00,82.3439,0.3453,45.0038,25.4945,976.0340,8.9782
2013-07-02 10:15:00,82.5000,0.3429,44.8681,25.6708,976.0511,9.2073
2013-07-02 10:20:00,82.6590,0.3405,45.0317,25.7660,976.0682,9.4305
2013-07-02 10:25:00,82.8208,0.3380,45.4944,25.7798,976.0854,9.6477
2013-07-02 10:30:00,82.9854,0.3355,46.2564,25.7125,976.1026,9.8589
2013-07-02 10:35:00,83.1525,0.3329,47.2021,25.5844,976.1141,10.0694
2013-07-02 10:40:00,83.3217,0.3304,48.2161,25.4161,976.1142,10.2842
2013-07-02 10:45:00,83.4931,0.3278,49.2983,25.2076,976.1028,10.5033
2013-07-02 10:50:00,83.6666,0.3252,50.4488,24.9588,976.0800,10.7269
2013-07-02 10:55:00,83.8422,0.3226,51.6676,24.6698,976.0457,10.9548
2013-07-02 11:00:00,84.0200,0.3200,52.9547,24.3406,976.0000,11.1871
2013-07-02 11:05:00,84.1999,0.3174,54.3101,23.9711,975.9428,11.4237
2013-07-02 11:10:00,84.3820,0.3147,55.7337,23.5614,975.8742,11.6647
2013-07-02 11:15:00,84.5662,0.3121,57.2257,23.1115,975.7942,11.9101
2013-07-02 11:20:00,84.7526,0.3094,58.7859,22.6213,975.7026,12.1598
2013-07-02 11:25:00,84.9411,0.3068,60.4143,22.0909,975.5997,12.4139
2013-07-02 11:30:00,85.1317,0.3041,62.1111,21.5203,975.4853,12.6724
2013-07-02 11:35:00,85.3156,0.3014,63.7533,20.9541,975.3717,12.9229
2013-07-02 11:40:00,85.4838,0.2989,65.2183,20.4370,975.2712,13.1532
2013-07-02 11:45:00,85.6363,0.2965,66.5061,19.9689,975.1838,13.3633
2013-07-02 11:50:00,85.7732,0.2942,67.6165,19.5500,975.1094,13.5531
2013-07-02 11:55:00,85.8944,0.2921,68.5497,19.1801,975.0482,13.7226
2013-07-02 12:00:00,86.0000,0.2900,69.3057,18.8593,975.0000,13.8720
2013-07-02 12:05:00,86.0899,0.2881,69.8843,18.5876,974.9649,14.0011
2013-07-02 12:10:00,86.1641,0.2862,70.2858,18.3650,974.9429,14.1099
2013-07-02 12:15:00,86.2227,0.2845,70.5099,18.1915,974.9340,14.1985
2013-07-02 12:20:00,86.2656,0.2829,70.5568,18.0670,974.9381,14.2669
2013-07-02 12:25:00,86.2929,0.2814,70.4264,17.9917,974.9554,14.3150
2013-07-02 12:30:00,86.3045,0.2800,70.1187,17.9654,974.9857,14.3429
2013-07-02 12:35:00,86.3092,0.2787,69.7272,17.9629,975.0168,14.3633
2013-07-02 12:40:00,86.3157,0.2772,69.3452,17.9592,975.0365,14.3888
2013-07-02 12:45:00,86.3240,0.2755,68.9727,17.9540,975.0446,14.4196
2013-07-02 12:50:00,86.3342,0.2738,68.6097,17.9475,975.0412,14.4556
2013-07-02 12:55:00,86.3462,0.2720,68.2561,17.9396,975.0264,14.4968
2013-07-02 13:00:00,86.3600,0.2700,67.9121,17.9303,975.0000,14.5432
2013-07-02 13:05:00,86.3757,0.2679,67.5776,17.9196,974.9621,14.5948
2013-07-02 13:10:00,86.3931,0.2657,67.2526,17.9076,974.9128,14.6516
2013-07-02 13:15:00,86.4125,0.2634,66.9371,17.8943,974.8519,14.7136
2013-07-02 13:20:00,86.4336,0.2610,66.6311,17.8795,974.7796,14.7809
2013-07-02 13:25:00,86.4566,0.2584,66.3346,17.8634,974.6957,14.8533
2013-07-02 13:30:00,86.4814,0.2557,66.0476,17.8459,974.6004,14.9310
2013-07-02 13:35:00,86.5095,0.2530,65.7377,17.8357,974.4994,15.0119
2013-07-02 13:40:00,86.5422,0.2504,65.3726,17.8414,974.3989,15.0943
2013-07-02 13:45:00,86.5796,0.2477,64.9523,17.8630,974.2986,15.1781
2013-07-02 13:50:00,86.6217,0.2451,64.4767,17.9005,974.1987,15.2634
2013-07-02 13:55:00,86.6685,0.2425,63.9459,17.9539,974.0992,15.3501
2013-07-02 14:00:00,86.7200,0.2400,63.3599,18.0232,974.0000,15.4382
2013-07-02 14:05:00,86.7761,0.2375,62.7186,18.1084,973.9011,15.5277
2013-07-02 14:10:00,86.8370,0.2350,62.0221,18.2095,973.8026,15.6186
2013-07-02 14:15:00,86.9025,0.2326,61.2703,18.3266,973.7045,15.7110
2013-07-02 14:20:00,86.9727,0.2302,60.4633,18.4595,973.6067,15.8048
2013-07-02 14:25:00,87.0475,0.2278,59.6011,18.6084,973.5092,15.9001
2013-07-02 14:30:00,87.1271,0.2255,58.6836,18.7731,973.4121,15.9967
2013-07-02 14:35:00,87.1940,0.2234,57.7704,18.9246,973.3198,16.0810
2013-07-02 14:40:00,87.2310,0.2218,56.9211,19.0336,973.2370,16.1391
2013-07-02 14:45:00,87.2381,0.2206,56.1357,19.1002,973.1636,16.1710
2013-07-02 14:50:00,87.2153,0.2200,55.4141,19.1243,973.0997,16.1766
2013-07-02 14:55:00,87.1626,0.2197,54.7563,19.1059,973.0451,16.1561
2013-07-02 15:00:00,87.0800,0.2200,54.1625,19.0451,973.0000,16.1094
2013-07-02 15:05:00,86.9675,0.2207,53.6325,18.9419,972.9643,16.0365
2013-07-02 15:10:00,86.8250,0.2219,53.1663,18.7961,972.9380,15.9373
2013-07-02 15:15:00,86.6527,0.2236,52.7640,18.6080,972.9212,15.8120
2013-07-02 15:20:00,86.4504,0.2257,52.4256,18.3773,972.9138,15.6604
2013-07-02 15:25:00,86.2182,0.2283,52.1510,18.1042,972.9158,15.4827
2013-07-02 15:30:00,85.9561,0.2314,51.9403,17.7887,972.9272,15.2788
2013-07-02 15:35:00,85.6815,0.2347,51.6620,17.4526,972.9427,15.0650
2013-07-02 15:40:00,85.4116,0.2379,51.1849,17.1179,972.9568,14.8579
2013-07-02 15:45:00,85.1465,0.2410,50.5089,16.7847,972.9696,14.6574
2013-07-02 15:50:00,84.8862,0.2441,49.6340,16.4529,972.9811,14.4636
2013-07-02 15:55:00,84.6307,0.2471,48.5603,16.1225,972.9912,14.2763
2013-07-02 16:00:00,84.3800,0.2500,47.2876,15.7935,973.0000,14.0957
2013-07-02 16:05:00,84.1341,0.2529,45.8161,15.4660,973.0075,13.9217
2013-07-02 16:10:00,83.8929,0.2557,44.1457,15.1398,973.0136,13.7544
2013-07-02 16:15:00,83.6566,0.2584,42.2765,14.8151,973.0184,13.5936
2013-07-02 16:20:00,83.4250,0.2610,40.2083,14.4918,973.0218,13.4395
2013-07-02 16:25:00,83.1982,0.2636,37.9413,14.1699,973.0240,13.2920
2013-07-02 16:30:00,82.9762,0.2661,35.4754,13.8495,973.0247,13.1511
2013-07-02 16:35:00,82.7572,0.2686,33.0076,13.5286,973.0242,13.0130
2013-07-02 16:40:00,82.5394,0.2710,30.7351,13.2056,973.0222,12.8738
2013-07-02 16:45:00,82.3227,0.2733,28.6578,12.8804,973.0187,12.7334
2013-07-02 16:50:00,82.1073,0.2756,26.7758,12.5530,973.0139,12.5920
2013-07-02 16:55:00,81.8931,0.2778,25.0890,12.2234,973.0077,12.4494
2013-07-02 17:00:00,81.6800,0.2800,23.5974,11.8916,973.0000,12.3058
2013-07-02 17:05:00,81.4681,0.2821,22.3010,11.5576,972.9909,12.1610
2013-07-02 17:10:00,81.2575,0.2842,21.1999,11.2214,972.9804,12.0151
2013-07-02 17:15:00,81.0480,0.2862,20.2940,10.8831,972.9685,11.8681
2013-07-02 17:20:00,80.8397,0.2881,19.5833,10.5425,972.9552,11.7200
2013-07-02 17:25:00,80.6326,0.2900,19.0679,10.1998,972.9405,11.5708
2013-07-02 17:30:00,80.4266,0.2918,18.7476,9.8548,972.9243,11.4205
2013-07-02 17:35:00,80.2154,0.2938,18.4723,9.5018,972.9124,11.2634
2013-07-02 17:40:00,79.9921,0.2962,18.0916,9.1346,972.9103,11.0939
2013-07-02 17:45:00,79.7570,0.2991,17.6055,8.7534,972.9180,10.9121
2013-07-02 17:50:00,79.5099,0.3023,17.0140,8.3580,972.9355,10.7178
2013-07-02 17:55:00,79.2509,0.3059,16.3171,7.9486,972.9628,10.5111
2013-07-02 18:00:00,78.9800,0.3100,15.5148,7.5251,973.0000,10.2921
2013-07-02 18:05:00,78.6971,0.3145,14.6071,7.0876,973.0470,10.0607
2013-07-02 18:10:00,78.4024,0.3194,13.5940,6.6359,973.1038,9.8168
2013-07-02 18:15:00,78.0956,0.3247,12.4755,6.1702,973.1704,9.5606
2013-07-02 18:20:00,77.7770,0.3304,11.2515,5.6904,973.2469,9.2920
2013-07-02 18:25:00,77.4464,0.3365,9.9222,5.1965,973.3332,9.0110
2013-07-02 18:30:00,77.1039,0.3430,8.4875,4.6885,973.4293,8.7176
2013-07-02 18:35:00,76.7557,0.3496,7.0638,4.1884,973.5293,8.4185
2013-07-02 18:40:00,76.4078,0.3561,5.7676,3.7182,973.6274,8.1202
2013-07-02 18:45:00,76.0603,0.3624,4.5990,3.2780,973.7235,7.8228
2013-07-02 18:50:00,75.7131,0.3684,3.5578,2.8677,973.8176,7.5263
2013-07-02 18:55:00,75.3664,0.3743,2.6442,2.4873,973.9098,7.2307
2013-07-02 19:00:00,75.0200,0.3800,1.8581,2.1368,974.0000,6.9360
2013-07-02 19:05:00,74.6740,0.3855,1.1994,1.8162,974.0882,6.6421
2013-07-02 19:10:00,74.3284,0.3908,0.6683,1.5255,974.1745,6.3492
2013-07-02 19:15:00,73.9831,0.3959,0.2647,1.2648,974.2588,6.0571
2013-07-02 19:20:00,73.6383,0.4009,0.0000,1.0340,974.3411,5.7659
2013-07-02 19:25:00,73.2938,0.4056,0.0000,0.8330,974.4215,5.4756
2013-07-02 19:30:00,72.9497,0.4101,0.0000,0.6620,974.4999,5.1861
2013-07-02 19:35:00,72.6056,0.4147,0.0000,0.5136,974.5783,4.8945
2013-07-02 19:40:00,72.2612,0.4194,0.0000,0.3804,974.6586,4.5975
2013-07-02 19:45:00,71.9164,0.4243,0.0000,0.2625,974.7410,4.2951
2013-07-02 19:50:00,71.5713,0.4294,0.0000,0.1597,974.8254,3.9875
2013-07-02 19:55:00,71.2258,0.4346,0.0000,0.0723,974.9117,3.6745
2013-07-02 20:00:00,70.8800,0.4400,0.0000,0.0000,975.0000,3.3561
2013-07-02 20:05:00,70.5338,0.4456,0.0156,0.0000,975.0903,3.0324
2013-07-02 20:10:00,70.1873,0.4513,0.0270,0.0000,975.1826,2.7034
2013-07-02 20:15:00,69.8405,0.4573,0.0343,0.0000,975.2768,2.3691
2013-07-02 20:20:00,69.4933,0.4634,0.0374,0.0000,975.3731,2.0294
2013-07-02 20:25:00,69.1458,0.4697,0.0363,0.0000,975.4713,1.6843
2013-07-02 20:30:00,68.7979,0.4761,0.0311,0.0000,975.5715,1.3340
2013-07-02 20:35:00,68.4557,0.4825,0.0241,0.0000,975.6677,1.0027
2013-07-02 20:40:00,68.1252,0.4886,0.0179,0.0000,975.7541,0.7150
2013-07-02 20:45:00,67.8063,0.4944,0.0123,0.0000,975.8304,0.4709
2013-07-02 20:50:00,67.4992,0.4999,0.0075,0.0000,975.8969,0.2704
2013-07-02 20:55:00,67.2038,0.5051,0.0034,0.0000,975.9534,0.1134
2013-07-02 21:00:00,66.9200,0.5100,0.0000,0.0000,976.0000,0.0000
2013-07-02 21:05:00,66.6479,0.5146,0.0000,0.0098,976.0367,0.0000
2013-07-02 21:10:00,66.3876,0.5189,0.0000,0.0170,976.0634,0.0000
2013-07-02 21:15:00,66.1389,0.5229,0.0000,0.0215,976.0802,0.0000
2013-07-02 21:20:00,65.9019,0.5267,0.0000,0.0235,976.0871,0.0000
2013-07-02 21:25:00,65.6766,0.5301,0.0000,0.0228,976.0840,0.0865
2013-07-02 21:30:00,65.4630,0.5332,0.0000,0.0195,976.0711,0.2346
2013-07-02 21:35:00,65.2553,0.5362,0.0000,0.0151,976.0541,0.4006
2013-07-02 21:40:00,65.0478,0.5391,0.0000,0.0112,976.0392,0.5592
2013-07-02 21:45:00,64.8406,0.5419,0.0000,0.0077,976.0264,0.7103
2013-07-02 21:50:00,64.6335,0.5446,0.0000,0.0047,976.0156,0.8539
2013-07-02 21:55:00,64.4267,0.5474,0.0000,0.0021,976.0068,0.9901
2013-07-02 22:00:00,64.2200,0.5500,0.0000,0.0000,976.0000,1.1187
2013-07-02 22:05:00,64.0135,0.5526,0.0005,0.0000,975.9953,1.2399
2013-07-02 22:10:00,63.8073,0.5551,0.0008,0.0000,975.9926,1.3536
2013-07-02 22:15:00,63.6012,0.5576,0.0010,0.0000,975.9919,1.4597
2013-07-02 22:20:00,63.3954,0.5600,0.0012,0.0000,975.9933,1.5585
2013-07-02 22:25:00,63.1897,0.5623,0.0011,0.0000,975.9967,1.6497
2013-07-02 22:30:00,62.9843,0.5646,0.0010,0.0000,976.0021,1.7334
2013-07-02 22:35:00,62.7775,0.5669,0.0008,0.0000,976.0074,1.8141
2013-07-02 22:40:00,62.5678,0.5693,0.0006,0.0000,976.0105,1.8961
2013-07-02 22:45:00,62.3552,0.5718,0.0005,0.0000,976.0113,1.9794
2013-07-02 22:50:00,62.1397,0.5744,0.0003,0.0000,976.0098,2.0641
2013-07-02 22:55:00,61.9213,0.5772,0.0001,0.0000,976.0060,2.1501
2013-07-02 23:00:00,61.7000,0.5800,0.0000,0.0000,976.0000,2.2374
2013-07-02 23:05:00,61.4758,0.5829,0.0000,0.0003,975.9917,2.3261
2013-07-02 23:10:00,61.2487,0.5860,0.0000,0.0006,975.9812,2.4160
2013-07-02 23:15:00,61.0187,0.5891,0.0000,0.0008,975.9684,2.5074
2013-07-02 23:20:00,60.7859,0.5924,0.0000,0.0010,975.9533,2.6000
2013-07-02 23:25:00,60.5501,0.5957,0.0000,0.0011,975.9359,2.6940
2013-07-02 23:30:00,60.3114,0.5992,0.0000,0.0011,975.9163,2.7893
2013-07-02 23:35:00,60.0749,0.6027,0.0000,0.0011,975.9013,2.8850
2013-07-02 23:40:00,59.8455,0.6062,0.0000,0.0010,975.8979,2.9802
2013-07-02 23:45:00,59.6234,0.6097,0.0000,0.0008,975.9061,3.0749
2013-07-02 23:50:00,59.4084,0.6131,0.0000,0.0006,975.9258,3.1692
2013-07-02 23:55:00,59.2006,0.6166,0.0000,0.0003,975.9571,3.2629
2013-07-03 00:00:00,59.0000,0.6200,0.0000,0.0000,976.0000,3.3561
